24
22
20
16
25
24
21
14
15
29
17
24
22
21
18
16
18
19
17
17
23
17
21
22
18
30
21
28
16
20
20
21
23
23
25
28
23
22
17
29
21
19
20
27
25
23
20
21
30
26
17
17
27
18
26
23
21
25
15
29
26
18
22
17
20
25
22
21
16
26
22
20
23
15
18
27
29
25
29
17
17
19
24
26
26
17
22
16
23
22
29
19
27
17
26
23
31
23
18
15
25
24
25
24
15
17
27
11
23
21
29
25
17
17
22
26
26
17
15
16
14
28
22
17
23
21
24
25
17
31
22
31
15
24
25
22
30
21
28
21
24
28
12
23
20
18
23
26
20
29
27
24
21
21
19
20
27
17
22
27
23
28
21
19
24
17
24
25
17
23
18
19
23
23
26
23
28
24
34
21
18
17
22
13
25
28
27
29
19
20
26
23
22
19
28
14
23
24
21
26
21
17
19
30
22
19
28
20
15
26
24
25
24
28
26
22
33
23
25
21
16
25
29
21
22
20
21
19
21
25
21
28
20
25
33
21
24
22
29
17
23
26
17
18
22
24
21
27
23
30
19
23
25
19
21
20
11
26
21
24
19
20
18
25
22
21
23
19
23
21
19
27
28
25
25
27
21
24
15
25
15
29
16
18
19
20
23
20
17
17
15
13
20
22
21
22
18
25
27
27