0.372500024880084
0.156394183633723
0.0895606201332522
0.062459669258597
0.0453257688232692
0.00991741596681297
0.0348092236220643
0.0779734515421473
0.136181384075141
0.412185446474486
0.00250297428803728
0.0377083321235682
0.0733210734455895
0.163682685681579
0.103738230238035
0.16229599971126
0.0572328304319528
0.159815788265658
0.262768826505035
0.209537717719765
0.0899754888384606
0.22085323374159
0.297306311151445
0.0655674799260878
0.0998719239568421
0.100576899761344
0.0699008022916583
0.109387048796651
0.0936528302741331
0.194078323324674
0.00666261385730476
0.149959637262935
0.245783547755315
0.00396693625595901
0.374852722660035
0.104484296648216
0.117022625392195
0.0367691945103589
0.0860652761071782
0.00586329533287444
0.389039160860966
0.318464265508129
0.133725048382644
0.00875376779514766
0.214839848881781
0.00146884850957861
0.127709711299519
0.0989736619755139
0.0876106783787787
0.104347531382133
0.0110772187462371
0.0305740868445711
0.0417454530907592
0.192036446615812
0.0239066350145896
0.370833659408094
1.24841541823177
0.0260820635852127
0.00121762827805193
0.291234568419393
0.186568554238326
0.0991020456470872
0.00834439673402333
0.00766746942769569
0.400569575721166
0.166234814261833
0.559893311604765
0.198365949529304
0.365360887866528
0.0762953527630488
0.071109575156213
0.183045675023691
0.124966097914687
0.143682759406716
0.174736793189074
0.0812417009269129
0.302816354577951
0.00092984359460531
0.0768704489478537
0.115759980608513
0.310176957173179
0.000780590153988968
0.721472761060176
0.359989994436839
0.00541529702059514
0.256158668355286
0.0134141765500471
0.0369431596763265
0.274192189800843
0.31281477124333
0.437240915896441
0.109121195342735
0.218561782575924
0.178706796594757
0.117161510964418
0.0284568687300384
0.0475987516811956
0.222456941937666
0.817402214061158
0.0283176556480457
